TAKEOWNERSHIP: 0.127000 sec
CREATAEPRIMARY: 35.453000 sec
CREATE: 0.838000 sec
LOAD: 1.256000 sec
NVLIST1: 0.330000 sec
NVRELEASE1: 0.106000 sec
NVDEFINE1: 0.097000 sec
TEST1: 0.144000 sec
SIGN1: 1.413000 sec
NVWRITE1: 0.176000 sec
VerifyTOTAL: 0.708000 sec
NVREAD1: 0.203000 sec
TEST2: 0.027000 sec
sign2: 1.642000 sec
TOTAL: 43.006000 sec
