TAKEOWNERSHIP: 0.164000 sec
CREATAEPRIMARY: 35.522000 sec
CREATE: 0.788000 sec
LOAD: 1.287000 sec
NVDEFINE1: 0.109000 sec
TEST1: 0.115000 sec
SIGN1: 1.445000 sec
NVWRITE1: 0.175000 sec
VerifyTOTAL: 0.656000 sec
NVREAD1: 0.202000 sec
TEST2: 0.035000 sec
sign2: 1.464000 sec
TOTAL: 42.771000 sec
