TAKEOWNERSHIP: 0.139000 sec
CREATAEPRIMARY: 35.399000 sec
CREATE: 0.876000 sec
LOAD: 1.356000 sec
NVDEFINE1: 0.107000 sec
TEST1: 0.144000 sec
SIGN1: 1.403000 sec
NVWRITE1: 0.173000 sec
VerifyTOTAL: 0.687000 sec
NVREAD1: 0.219000 sec
TEST2: 0.029000 sec
sign2: 1.402000 sec
TOTAL: 42.686000 sec
TAKEOWNERSHIP: 0.144000 sec
