TAKEOWNERSHIP: 15.076000 sec
CREATAEPRIMARY: 35.454000 sec
CREATE: 0.875000 sec
LOAD: 1.368000 sec
NVDEFINE1: 0.128000 sec
TEST1: 0.144000 sec
SIGN1: 1.413000 sec
NVWRITE1: 0.205000 sec
VerifyTOTAL: 0.645000 sec
NVREAD1: 0.232000 sec
TEST2: 0.031000 sec
sign2: 1.548000 sec
TOTAL: 57.836000 sec
